NO_(0.00, 0.00, 0.00)_(0.50, 0.50, 0.50)_(0.00000, 0.00000, 0.00000, 1.00000)
/
Cube_(0.00, 0.00, 0.00)_(620.00, 1.80, 1290.00)_(0.00000, 0.00000, 0.00000, 1.00000)
#
Cube_(0.55, 7.15, -296.63)_(264.30, 36.00, 108.00)_(0.00000, 0.00000, 0.00000, 1.00000)
#
Cube_(-110.58, 7.15, -251.63)_(180.00, 36.00, 288.00)_(0.00000, 0.00000, 0.00000, 1.00000)
#
Cube_(-128.58, 7.15, -143.63)_(108.00, 36.00, 144.00)_(0.00000, 0.00000, 0.00000, 1.00000)
#
Cube_(-101.58, 7.15, -71.63)_(216.00, 36.00, 144.00)_(0.00000, 0.00000, 0.00000, 1.00000)
#
Cube_(-128.58, 7.15, 0.38)_(108.00, 36.00, 144.00)_(0.00000, 0.00000, 0.00000, 1.00000)
#
Cube_(-128.58, 2.65, 72.38)_(108.00, 18.00, 144.00)_(0.00000, 0.00000, 0.00000, 1.00000)
#
Cube_(-101.58, 2.65, 144.38)_(216.00, 18.00, 144.00)_(0.00000, 0.00000, 0.00000, 1.00000)
#
Cube_(-110.58, 7.15, 252.38)_(180.00, 36.00, 288.00)_(0.00000, 0.00000, 0.00000, 1.00000)
#
Cube_(0.35, 7.15, 297.37)_(265.50, 36.00, 108.00)_(0.00000, 1.00000, 0.00000, 0.00000)
#
Cube_(111.36, 7.15, 252.38)_(180.00, 36.00, 288.00)_(0.00000, 1.00000, 0.00000, 0.00000)
#
Cube_(129.36, 7.15, 144.38)_(108.00, 36.00, 144.00)_(0.00000, 1.00000, 0.00000, 0.00000)
#
Cube_(102.36, 7.15, 72.38)_(216.00, 36.00, 144.00)_(0.00000, 1.00000, 0.00000, 0.00000)
#
Cube_(129.36, 7.15, 0.38)_(108.00, 36.00, 144.00)_(0.00000, 1.00000, 0.00000, 0.00000)
#
Cube_(129.36, 2.65, -71.63)_(108.00, 18.00, 144.00)_(0.00000, 1.00000, 0.00000, 0.00000)
#
Cube_(102.36, 2.65, -143.63)_(216.00, 18.00, 144.00)_(0.00000, 1.00000, 0.00000, 0.00000)
#
Cube_(111.36, 7.15, -251.62)_(180.00, 36.00, 288.00)_(0.00000, 1.00000, 0.00000, 0.00000)
#
Cube_(0.55, 4.13, -239.25)_(264.30, 15.00, 130.00)_(0.13053, 0.00000, 0.00000, 0.99144)
#
Cube_(0.35, 4.08, 239.95)_(265.50, 15.00, 130.00)_(0.00000, 0.99144, -0.13053, 0.00000)
#
Cube_(-145.15, 7.35, 52.11)_(29.49, 18.00, 70.00)_(0.13053, 0.00000, 0.00000, 0.99144)
#
Cube_(145.90, 6.20, -55.80)_(29.49, 18.00, 88.29)_(0.00000, 0.99181, -0.12774, 0.00000)
#
Cube_(126.11, 6.19, -172.05)_(29.49, 18.00, 88.29)_(-0.09033, 0.70131, -0.09033, -0.70131)
#
Cube_(151.30, 11.05, -172.23)_(20.27, 20.38, 30.02)_(0.00000, 1.00000, 0.00000, 0.00000)
#
Cube_(-128.55, 6.94, 173.13)_(30.88, 18.00, 75.00)_(0.09230, 0.70106, -0.09230, 0.70106)
#
Cube_(-150.49, 11.05, 172.90)_(20.27, 20.38, 30.02)_(0.00000, 0.00000, 0.00000, 1.00000)
#
#